[Misc]
NoiseSpeed = 100000.000000
QuadSprintMult = 1.500000


[Weapons]
PowerAttackPow = 1.250000
SwingWeaponMult = 2.000000


[Crossbows]
CrossbowFix = true
CrossbowDuration = 0.220000
CrossbowLeftMotor = 0.500000
CrossbowRightMotor = 1.000000


[Submerged]
SubmergedPow = 1.500000
SubmergedLeftPower = 0.020000
SubmergedRightPower = 0.020000
SubmergedMountMult = 1.500000


[Rain]
RainPow = 1.500000
RainLeftPower = 0.015000
RainRightPower = 0.020000


[Grindstones]
GrindstonePow = 1.500000
GrindstoneLeftPower = 0.017000
GrindstoneRightPower = 0.017000


[XAudioDSP]
BaseRumbleOverride = 1
SmallAmpPreMult = 1.000000
SmallAmpPow = 3.000000
SmallAmpPostMult = 3.000000
SmallAmpLeftBalance = 1.000000
SmallAmpRightBalance = 0.000000


[FootstepFront]
LeftMotor = 0.015000
RightMotor = 0.020000
Duration = 0.100000
Type = 0


[FootstepBack]
LeftMotor = 0.020000
RightMotor = 0.015000
Duration = 0.100000
Type = 0


[FootstepWadingLeft]
LeftMotor = 0.015000
RightMotor = 0.000000
Duration = 1.000000
Type = 0


[FootstepWadingRight]
LeftMotor = 0.000000
RightMotor = 0.015000
Duration = 1.000000
Type = 0


[FootstepSprintLeft]
LeftMotor = 0.015000
RightMotor = 0.010000
Duration = 0.100000
Type = 0


[FootstepSprintRight]
LeftMotor = 0.010000
RightMotor = 0.015000
Duration = 0.100000
Type = 0
