[Main]
LiveUpdate = false


[Misc]
NoiseSpeed = 100000.000000
QuadSprintMult = 1.250000


[Weapons]
PowerAttackPow = 1.250000
SwingWeaponMult = 2.000000


[Submerged]
SubmergedPow = 1.500000
SubmergedSmallPower = 0.020000
SubmergedLargePower = 0.020000
SubmergedMountMult = 1.500000


[Rain]
RainPow = 1.500000
RainSmallPower = 0.015000
RainLargePower = 0.020000


[Grindstones]
GrindstonePow = 1.500000
GrindstoneSmallPower = 0.020000
GrindstoneLargePower = 0.020000


[XAudioDSP]
BaseRumbleOverride = 1
SmallAmpPreMult = 1.000000
SmallAmpPow = 3.000000
SmallAmpPostMult = 2.000000
SmallAmpLeftBalance = 1.000000
SmallAmpRightBalance = 0.000000


[FootstepFront]
LeftMotor = 0.050000
RightMotor = 0.025000
Duration = 0.050000
Type = 0


[FootstepBack]
LeftMotor = 0.025000
RightMotor = 0.050000
Duration = 0.100000
Type = 0


[FootstepWadingLeft]
LeftMotor = 0.011000
RightMotor = 0.000000
Duration = 1.000000
Type = 0


[FootstepWadingRight]
LeftMotor = 0.000000
RightMotor = 0.011000
Duration = 1.000000
Type = 0
